499 499
502 502
504 504
507 507
510 510
512 512
519 519
522 522
540 540
543 543
546 546
552 552
555 555
558 558
561 561
564 564
567 567
569 569
572 572
575 575
578 578
580 580
583 583
586 586
588 588
591 591
594 594
597 597
600 600
602 602
605 605
607 607
609 609
611 611
613 613
616 616
618 618
620 620
622 622
624 624
626 626
629 629
631 631
633 633
635 635
637 637
639 639
641 641
643 643
645 645
647 647
649 649
651 651
654 654
655 655
657 657
659 659
662 662
663 663
665 665
667 667
669 669
672 672
674 674
676 676
679 679
681 681
684 684
686 686
689 689
692 692
694 694
696 696
698 698
700 700
702 702
704 704
706 706
709 709
711 711
714 714
716 716
718 718
720 720
723 723
725 725
727 727
728 728
730 730
732 732
734 734
736 736
739 739
740 740
742 742
744 744
746 746
748 748
751 751
753 753
755 755
757 757
759 759
761 761
763 763
765 765
767 767
769 769
771 771
774 774
776 776
778 778
780 780
782 782
784 784
786 786
788 788
790 790
792 792
794 794
796 796
797 797
799 799
801 801
802 802
804 804
806 806
807 807
809 809
811 811
813 813
815 815
817 817
820 820
822 822
824 824
826 826
829 829
831 831
833 833
835 835
837 837
839 839
841 841
843 843
845 845
847 847
848 848
850 850
852 852
855 855
857 857
859 859
861 861
863 863
865 865
868 868
870 870
872 872
874 874
876 876
878 878
880 880
882 882
884 884
886 886
890 890
892 892
894 894
895 895
897 897
899 899
901 901
903 903
905 905
907 907
908 908
910 910
912 912
914 914
916 916
918 918
920 920
922 922
924 924
926 926
928 928
929 929
931 931
933 933
934 934
936 936
938 938
940 940
942 942
944 944
946 946
949 949
951 951
953 953
955 955
957 957
958 958
960 960
962 962
964 964
966 966
968 968
970 970
972 972
974 974
976 976
978 978
980 980
982 982
984 984
986 986
989 989
991 991
993 993
995 995
997 997
999 999
1001  1001
1003  1003
1005  1005
1007  1007
1008  1008
1010  1010
1012  1012
1014  1014
1017  1017
1019  1019
1021  1021
1023  1023
1025  1025
1027  1027
1028  1028
1030  1030
1032  1032
1034  1034
1036  1036
1038  1038
1040  1040
1042  1042
1044  1044
1046  1046
1048  1048
1050  1050
1052  1052
1054  1054
1056  1056
1058  1058
1060  1060
1062  1062
1064  1064
1066  1066
1068  1068
1070  1070
1072  1072
1074  1074
1075  1075
1077  1077
1079  1079
1081  1081
1083  1083
1085  1085
1087  1087
1089  1089
1091  1091
1093  1093
1095  1095
1096  1096
1099  1099
1101  1101
1103  1103
1104  1104
1106  1106
1109  1109
1111  1111
1113  1113
1115  1115
1117  1117
1119  1119
1121  1121
1123  1123
1125  1125
1127  1127
1128  1128
1130  1130
1132  1132
1133  1133
1135  1135
1137  1137
1139  1139
1141  1141
1143  1143
1145  1145
1147  1147
1148  1148
1150  1150
1152  1152
1154  1154
1155  1155
1157  1157
1159  1159
1161  1161
1163  1163
1165  1165
1167  1167
1169  1169
1171  1171
1173  1173
1175  1175
1177  1177
1179  1179
1181  1181
1183  1183
1185  1185
1187  1187
1189  1189
1191  1191
1193  1193
1194  1194
1196  1196
1198  1198
1200  1200
1202  1202
1204  1204
1206  1206
1209  1209
1211  1211
1212  1212
1213  1213
1215  1215
1217  1217
1219  1219
1221  1221
1222  1222
1224  1224
1226  1226
1228  1228
1229  1229
1231  1231
1233  1233
1234  1234
1236  1236
1238  1238
1240  1240
1242  1242
1243  1243
1245  1245
1247  1247
1248  1248
1250  1250
1252  1252
1254  1254
1256  1256
1258  1258
1260  1260
1262  1262
1264  1264
1266  1266
1269  1269
1271  1271
1273  1273
1275  1275
1277  1277
1279  1279
1281  1281
1283  1283
1284  1284
1286  1286
1288  1288
1290  1290
1292  1292
1294  1294
1296  1296
1298  1298
1300  1300
1302  1302
1304  1304
1305  1305
1307  1307
1308  1308
1309  1309
1311  1311
1313  1313
1315  1315
1317  1317
1319  1319
1321  1321
1323  1323
1325  1325
1327  1327
1329  1329
1331  1331
1333  1333
1335  1335
1337  1337
1338  1338
1339  1339
1341  1341
1343  1343
1344  1344
1346  1346
1348  1348
1350  1350
1352  1352
1354  1354
1356  1356
1358  1358
1360  1360
1362  1362
1364  1364
1365  1365
1367  1367
1369  1369
1371  1371
1373  1373
1375  1375
1376  1376
1378  1378
1380  1380
1381  1381
1383  1383
1385  1385
1386  1386
1389  1389
1391  1391
1393  1393
1394  1394
1396  1396
1398  1398
1400  1400
1402  1402
1404  1404
1406  1406
1407  1407
1409  1409
1411  1411
1413  1413
1414  1414
1415  1415
1417  1417
1419  1419
1421  1421
1423  1423
1425  1425
1427  1427
1428  1428
1430  1430
1432  1432
1433  1433
1435  1435
1437  1437
1439  1439
1441  1441
1443  1443
1445  1445
1447  1447
1448  1448
1450  1450
1452  1452
1454  1454
1456  1456
1458  1458
1460  1460
1462  1462
1464  1464
1466  1466
1468  1468
1470  1470
1472  1472
1474  1474
1476  1476
1478  1478
1480  1480
1482  1482
1484  1484
1486  1486
1489  1489
1490  1490
1492  1492
1494  1494
1496  1496
1498  1498
1500  1500
1502  1502
1503  1503
1505  1505
1507  1507
1509  1509
1510  1510
1512  1512
1514  1514
1516  1516
1518  1518
1520  1520
1522  1522
1524  1524
1526  1526
1527  1527
1529  1529
1530  1530
1532  1532
1534  1534
1536  1536
1538  1538
1540  1540
1542  1542
1544  1544
1546  1546
1548  1548
1550  1550
1552  1552
1554  1554
1556  1556
1558  1558
1560  1560
1562  1562
1564  1564
1565  1565
1567  1567
1569  1569
1571  1571
1573  1573
1575  1575
1576  1576
1578  1578
1580  1580
1581  1581
1583  1583
1585  1585
1587  1587
1588  1588
1590  1590
1592  1592
1594  1594
1595  1595
1597  1597
1599  1599
1601  1601
1603  1603
1605  1605
1607  1607
1608  1608
1610  1610
1612  1612
1614  1614
1616  1616
1618  1618
1620  1620
1622  1622
1624  1624
1626  1626
1629  1629
1631  1631
1632  1632
1634  1634
1636  1636
1638  1638
1640  1640
1642  1642
1643  1643
1645  1645
1646  1646
1647  1647
1649  1649
1651  1651
1653  1653
1655  1655
1657  1657
1659  1659
1661  1661
1663  1663
1665  1665
1667  1667
1669  1669
1670  1670
1672  1672
1674  1674
1676  1676
1678  1678
1680  1680
1682  1682
1684  1684
1686  1686
1689  1689
1691  1691
1693  1693
1695  1695
1697  1697
1699  1699
1701  1701
1703  1703
1705  1705
1707  1707
1708  1708
1710  1710
1712  1712
1714  1714
1716  1716
1718  1718
1720  1720
1722  1722
1723  1723
1724  1724
1726  1726
1729  1729
1730  1730
1732  1732
1734  1734
1736  1736
1738  1738
1739  1739
1741  1741
1743  1743
1744  1744
1746  1746
1749  1749
1751  1751
1753  1753
1755  1755
1756  1756
1758  1758
1760  1760
1762  1762
1763  1763
1764  1764
1766  1766
1768  1768
1770  1770
1772  1772
1774  1774
1776  1776
1778  1778
1780  1780
1782  1782
1784  1784
1786  1786
1788  1788
1790  1790
1792  1792
1794  1794
1795  1795
1796  1796
1798  1798
1800  1800
1802  1802
1804  1804
1806  1806
1809  1809
1811  1811
1813  1813
1815  1815
1817  1817
1819  1819
1821  1821
1823  1823
1825  1825
1827  1827
1828  1828
1830  1830
1832  1832
1834  1834
1836  1836
1838  1838
1840  1840
1842  1842
1845  1845
1847  1847
1848  1848
1850  1850
1852  1852
1854  1854
1856  1856
1857  1857
1859  1859
1860  1860
1862  1862
1863  1863
1865  1865
1867  1867
1868  1868
1870  1870
1872  1872
1874  1874
1876  1876
1878  1878
1880  1880
1881  1881
1883  1883
1885  1885
1887  1887
1888  1888
1890  1890
1892  1892
1894  1894
1895  1895
1897  1897
1898  1898
1900  1900
1902  1902
1904  1904
1906  1906
1909  1909
1911  1911
1913  1913
1915  1915
1917  1917
1919  1919
1921  1921
1923  1923
1925  1925
1927  1927
1929  1929
1931  1931
1932  1932
1934  1934
1936  1936
1938  1938
1940  1940
1942  1942
1944  1944
1946  1946
1949  1949
1950  1950
1952  1952
1954  1954
1956  1956
1958  1958
1960  1960
1961  1961
1963  1963
1964  1964
1966  1966
1968  1968
1970  1970
1972  1972
1974  1974
1976  1976
1979  1979
1981  1981
1983  1983
1985  1985
1986  1986
1989  1989
1991  1991
1993  1993
1994  1994
1996  1996
1998  1998
2000  2000
2001  2001
2003  2003
2005  2005
2006  2006
2008  2008
2010  2010
2012  2012
2014  2014
2016  2016
2018  2018
2020  2020
2022  2022
2023  2023
2025  2025
2027  2027
2028  2028
2030  2030
2031  2031
2033  2033
2034  2034
2036  2036
2038  2038
2040  2040
2042  2042
2044  2044
2046  2046
2049  2049
2051  2051
2053  2053
2055  2055
2057  2057
2059  2059
2061  2061
2063  2063
2065  2065
2067  2067
2068  2068
2070  2070
2072  2072
2074  2074
2076  2076
2078  2078
2080  2080
2082  2082
2084  2084
2086  2086
2088  2088
2090  2090
2092  2092
2094  2094
2096  2096
2098  2098
2099  2099
2101  2101
2103  2103
2104  2104
2105  2105
2107  2107
2109  2109
2111  2111
2112  2112
2114  2114
2116  2116
2118  2118
2120  2120
2121  2121
2122  2122
2124  2124
2125  2125
2127  2127
2128  2128
2130  2130
2132  2132
2134  2134
2136  2136
2138  2138
2140  2140
2142  2142
2144  2144
2146  2146
2147  2147
2148  2148
2150  2150
2152  2152
2154  2154
2156  2156
2158  2158
2160  2160
2162  2162
2164  2164
2166  2166
2169  2169
2171  2171
2173  2173
2175  2175
2177  2177
2179  2179
2181  2181
2183  2183
2185  2185
2187  2187
2189  2189
2191  2191
2193  2193
2195  2195
2197  2197
2199  2199
2201  2201
2203  2203
2205  2205
2207  2207
2208  2208
2210  2210
2212  2212
2214  2214
2216  2216
2218  2218
2219  2219
2220  2220
2222  2222
2224  2224
2226  2226
2228  2228
2230  2230
2232  2232
2234  2234
2236  2236
2237  2237
2239  2239
2241  2241
2243  2243
2245  2245
2247  2247
2249  2249
2251  2251
2253  2253
2255  2255
2257  2257
2258  2258
2260  2260
2262  2262
2264  2264
2266  2266
2269  2269
2271  2271
2273  2273
2275  2275
2277  2277
2278  2278
2280  2280
2282  2282
2284  2284
2285  2285
2289  2289
2291  2291
2292  2292
2293  2293
2295  2295
2297  2297
2299  2299
2301  2301
2302  2302
2304  2304
2306  2306
2307  2307
2309  2309
2311  2311
2313  2313
2314  2314
2316  2316
2318  2318
2319  2319
2321  2321
2322  2322
2324  2324
2326  2326
2327  2327
2328  2328
2330  2330
2332  2332
2334  2334
2336  2336
2338  2338
2340  2340
2342  2342
2344  2344
2345  2345
2347  2347
2348  2348
2350  2350
2352  2352
2354  2354
2356  2356
2357  2357
2359  2359
2361  2361
2363  2363
2365  2365
2367  2367
2368  2368
2370  2370
2372  2372
2374  2374
2376  2376
2378  2378
2379  2379
2381  2381
2383  2383
2385  2385
2387  2387
2389  2389
2391  2391
2393  2393
2395  2395
2397  2397
2399  2399
2401  2401
2403  2403
2405  2405
2406  2406
2409  2409
2411  2411
2413  2413
2415  2415
2417  2417
2419  2419
2421  2421
2423  2423
2425  2425
2427  2427
2429  2429
2431  2431
2433  2433
2435  2435
2437  2437
2439  2439
2441  2441
2443  2443
2445  2445
2447  2447
2448  2448
2449  2449
2451  2451
2453  2453
2455  2455
2457  2457
2459  2459
2461  2461
2463  2463
2465  2465
2467  2467
2469  2469
2471  2471
2473  2473
2475  2475
2477  2477
2479  2479
2481  2481
2483  2483
2485  2485
2487  2487
2488  2488
2490  2490
2491  2491
2493  2493
2495  2495
2497  2497
2499  2499
2501  2501
2503  2503
2505  2505
2507  2507
2509  2509
2510  2510
2512  2512
2514  2514
2516  2516
2518  2518
2520  2520
2522  2522
2524  2524
2525  2525
2527  2527
2529  2529
2531  2531
2533  2533
2535  2535
2537  2537
2539  2539
2541  2541
2542  2542
2544  2544
2546  2546
2549  2549
2551  2551
2553  2553
2554  2554
2556  2556
2558  2558
2559  2559
2560  2560
2562  2562
2564  2564
2566  2566
2567  2567
2569  2569
2570  2570
2572  2572
2574  2574
2575  2575
2577  2577
2578  2578
2580  2580
2582  2582
2584  2584
2586  2586
2588  2588
2590  2590
2592  2592
2594  2594
2596  2596
2598  2598
2600  2600
2602  2602
2604  2604
2605  2605
2607  2607
2609  2609
2611  2611
2612  2612
2614  2614
2616  2616
2618  2618
2620  2620
2622  2622
2624  2624
2626  2626
2628  2628
2629  2629
2631  2631
2633  2633
2635  2635
2637  2637
2638  2638
2640  2640
2641  2641
2643  2643
2644  2644
2646  2646
2649  2649
2651  2651
2653  2653
2655  2655
2657  2657
2659  2659
2661  2661
2663  2663
2665  2665
2667  2667
2669  2669
2671  2671
2673  2673
2674  2674
2676  2676
2677  2677
2679  2679
2681  2681
2683  2683
2685  2685
2687  2687
2688  2688
2689  2689
2691  2691
2693  2693
2695  2695
2697  2697
2699  2699
2701  2701
2703  2703
2705  2705
2707  2707
2708  2708
2710  2710
2712  2712
2713  2713
2715  2715
2717  2717
2719  2719
2721  2721
2722  2722
2724  2724
2725  2725
2727  2727
2728  2728
2730  2730
2732  2732
2733  2733
2735  2735
2737  2737
2739  2739
2741  2741
2743  2743
2745  2745
2746  2746
2749  2749
2751  2751
2753  2753
2755  2755
2757  2757
2758  2758
2760  2760
2762  2762
2764  2764
2766  2766
2769  2769
2771  2771
2772  2772
2774  2774
2776  2776
2778  2778
2780  2780
2781  2781
2783  2783
2785  2785
2787  2787
2789  2789
2790  2790
2792  2792
2794  2794
2796  2796
2797  2797
2799  2799
2801  2801
2803  2803
2804  2804
2805  2805
2807  2807
2809  2809
2811  2811
2813  2813
2815  2815
2816  2816
2818  2818
2820  2820
2822  2822
2824  2824
2826  2826
2829  2829
2831  2831
2833  2833
2835  2835
2837  2837
2839  2839
2840  2840
2841  2841
2843  2843
2845  2845
2847  2847
2848  2848
2850  2850
2852  2852
2854  2854
2856  2856
2858  2858
2860  2860
2862  2862
2864  2864
2865  2865
2867  2867
2869  2869
2871  2871
2873  2873
2875  2875
2877  2877
2878  2878
2880  2880
2882  2882
2883  2883
2885  2885
2887  2887
2888  2888
2889  2889
2891  2891
2893  2893
2896  2896
2898  2898
2900  2900
2902  2902
2904  2904
2905  2905
2907  2907
2908  2908
2910  2910
2912  2912
2914  2914
2915  2915
2917  2917
2918  2918
2919  2919
2921  2921
2923  2923
2925  2925
2926  2926
2929  2929
2931  2931
2932  2932
2933  2933
2935  2935
2937  2937
2939  2939
2941  2941
2942  2942
2944  2944
2946  2946
2948  2948
2950  2950
2952  2952
2954  2954
2956  2956
2957  2957
2958  2958
2960  2960
2961  2961
2963  2963
2965  2965
2967  2967
2969  2969
2971  2971
2973  2973
2975  2975
2977  2977
2979  2979
2981  2981
2983  2983
2985  2985
2987  2987
2989  2989
2991  2991
2993  2993
2995  2995
2996  2996
2998  2998
2999  2999
3001  3001
3003  3003
3005  3005
3007  3007
3008  3008
3010  3010
3011  3011
3013  3013
3015  3015
3017  3017
3019  3019
3021  3021
3023  3023
3025  3025
3026  3026
3028  3028
3030  3030
3032  3032
3034  3034
3036  3036
3038  3038
3040  3040
3042  3042
3043  3043
3045  3045
3047  3047
3049  3049
3050  3050
3051  3051
3053  3053
3054  3054
3055  3055
3057  3057
3058  3058
3060  3060
3061  3061
3063  3063
3065  3065
3067  3067
3069  3069
3071  3071
3073  3073
3075  3075
3077  3077
3078  3078
3080  3080
3081  3081
3083  3083
3085  3085
3087  3087
3089  3089
3091  3091
3093  3093
3095  3095
3096  3096
3097  3097
3098  3098
3100  3100
3102  3102
3104  3104
3106  3106
3108  3108
3110  3110
3111  3111
3112  3112
3114  3114
3116  3116
3117  3117
3119  3119
3121  3121
3123  3123
3125  3125
3127  3127
3129  3129
3130  3130
3132  3132
3134  3134
3136  3136
3137  3137
3139  3139
3140  3140
3142  3142
3144  3144
3145  3145
3147  3147
3149  3149
3151  3151
3153  3153
3155  3155
3156  3156
3158  3158
3159  3159
3161  3161
3163  3163
3164  3164
3165  3165
3167  3167
3169  3169
3171  3171
3173  3173
3175  3175
3177  3177
3179  3179
3181  3181
3183  3183
3185  3185
3187  3187
3188  3188
3190  3190
3192  3192
3193  3193
3195  3195
3196  3196
3198  3198
3200  3200
3202  3202
3204  3204
3206  3206
3208  3208
3210  3210
3212  3212
3214  3214
3216  3216
3218  3218
3219  3219
3221  3221
3223  3223
3225  3225
3227  3227
3228  3228
3229  3229
3231  3231
3233  3233
3235  3235
3237  3237
3239  3239
3241  3241
3243  3243
3245  3245
3246  3246
3249  3249
3251  3251
3253  3253
3255  3255
3257  3257
3259  3259
3261  3261
3263  3263
3264  3264
3265  3265
3267  3267
3268  3268
3269  3269
3270  3270
3272  3272
3274  3274
3276  3276
3278  3278
3279  3279
3281  3281
3283  3283
3285  3285
3287  3287
3288  3288
3290  3290
3292  3292
3294  3294
3296  3296
3298  3298
3300  3300
3302  3302
3303  3303
3305  3305
3307  3307
3309  3309
3310  3310
3312  3312
3314  3314
3316  3316
3318  3318
3319  3319
3321  3321
3323  3323
3325  3325
3327  3327
3328  3328
3330  3330
3331  3331
3333  3333
3335  3335
3337  3337
3339  3339
3341  3341
3343  3343
3345  3345
3346  3346
3349  3349
3351  3351
3352  3352
3354  3354
3356  3356
3358  3358
3360  3360
3362  3362
3364  3364
3366  3366
3369  3369
3370  3370
3372  3372
3374  3374
3376  3376
3377  3377
3379  3379
3380  3380
3382  3382
3384  3384
3385  3385
3387  3387
3389  3389
3391  3391
3393  3393
3395  3395
3396  3396
3398  3398
3399  3399
3401  3401
3403  3403
3404  3404
3406  3406
3407  3407
3408  3408
3410  3410
3412  3412
3413  3413
3415  3415
3416  3416
3418  3418
3420  3420
3422  3422
3424  3424
3426  3426
3428  3428
3430  3430
3432  3432
3434  3434
3436  3436
3438  3438
3439  3439
3441  3441
3443  3443
3445  3445
3447  3447
3449  3449
3451  3451
3453  3453
3455  3455
3457  3457
3459  3459
3461  3461
3463  3463
3465  3465
3467  3467
3468  3468
3470  3470
3472  3472
3473  3473
3475  3475
3477  3477
3479  3479
3480  3480
3482  3482
3484  3484
3485  3485
3487  3487
3489  3489
3491  3491
3493  3493
3495  3495
3497  3497
3499  3499
3501  3501
3502  3502
3504  3504
3506  3506
3507  3507
3508  3508
3509  3509
3511  3511
3513  3513
3515  3515
3516  3516
3518  3518
3520  3520
3521  3521
3523  3523
3525  3525
3527  3527
3529  3529
3531  3531
3533  3533
3535  3535
3536  3536
3538  3538
3540  3540
3542  3542
3544  3544
3546  3546
3548  3548
3550  3550
3551  3551
3553  3553
3554  3554
3556  3556
3558  3558
3560  3560
3561  3561
3563  3563
3565  3565
3567  3567
3568  3568
3570  3570
3572  3572
3574  3574
3576  3576
3578  3578
3580  3580
3582  3582
3583  3583
3585  3585
3587  3587
3589  3589
3591  3591
3593  3593
3595  3595
3596  3596
3598  3598
3600  3600
3602  3602
3604  3604
3606  3606
3608  3608
3610  3610
3612  3612
3614  3614
3616  3616
3618  3618
3619  3619
3620  3620
3622  3622
3624  3624
3626  3626
3627  3627
3629  3629
3631  3631
3633  3633
3635  3635
3637  3637
3639  3639
3640  3640
3642  3642
3644  3644
3646  3646
3649  3649
3650  3650
3651  3651
3653  3653
3654  3654
3656  3656
3658  3658
3660  3660
3662  3662
3664  3664
3666  3666
3669  3669
3671  3671
3673  3673
3675  3675
3677  3677
3678  3678
3680  3680
3682  3682
3684  3684
3686  3686
3688  3688
3690  3690
3692  3692
3694  3694
3695  3695
3697  3697
3699  3699
3700  3700
3702  3702
3704  3704
3706  3706
3708  3708
3710  3710
3712  3712
3714  3714
3716  3716
3718  3718
3719  3719
3721  3721
3723  3723
3725  3725
3727  3727
3728  3728
3730  3730
3732  3732
3734  3734
3736  3736
3738  3738
3739  3739
3740  3740
3742  3742
3744  3744
3746  3746
3747  3747
3748  3748
3750  3750
3752  3752
3754  3754
3756  3756
3757  3757
3759  3759
3761  3761
3763  3763
3765  3765
3767  3767
3768  3768
3770  3770
3772  3772
3774  3774
3776  3776
3778  3778
3780  3780
3781  3781
3783  3783
3785  3785
3787  3787
3788  3788
3790  3790
3792  3792
3794  3794
3796  3796
3797  3797
3798  3798
3800  3800
3802  3802
3804  3804
3806  3806
3807  3807
3809  3809
3811  3811
3813  3813
3815  3815
3817  3817
3819  3819
3821  3821
3822  3822
3824  3824
3826  3826
3828  3828
3829  3829
3831  3831
3832  3832
3834  3834
3835  3835
3837  3837
3839  3839
3841  3841
3842  3842
3844  3844
3846  3846
3848  3848
3850  3850
3851  3851
3853  3853
3855  3855
3857  3857
3858  3858
3860  3860
3862  3862
3864  3864
3866  3866
3869  3869
3871  3871
3873  3873
3875  3875
3877  3877
3879  3879
3881  3881
3882  3882
3883  3883
3885  3885
3886  3886
3888  3888
3889  3889
3891  3891
3893  3893
3895  3895
3896  3896
3898  3898
3899  3899
3901  3901
3902  3902
3904  3904
3906  3906
3907  3907
3908  3908
3910  3910
3912  3912
3913  3913
3915  3915
3917  3917
3919  3919
3920  3920
3922  3922
3924  3924
3925  3925
3927  3927
3928  3928
3930  3930
3932  3932
3934  3934
3936  3936
3938  3938
3940  3940
3941  3941
3942  3942
3944  3944
3946  3946
3948  3948
3950  3950
3952  3952
3954  3954
3956  3956
3958  3958
3960  3960
3962  3962
3964  3964
3966  3966
3967  3967
3969  3969
3971  3971
3972  3972
3974  3974
3976  3976
3978  3978
3980  3980
3982  3982
3984  3984
3986  3986
3988  3988
3990  3990
3992  3992
3993  3993
3994  3994
3995  3995
3997  3997
3999  3999
4001  4001
4002  4002
4004  4004
4006  4006
4008  4008
4010  4010
4012  4012
4013  4013
4015  4015
4016  4016
4017  4017
4019  4019
4021  4021
4022  4022
4024  4024
4026  4026
4027  4027
4029  4029
4031  4031
4033  4033
4035  4035
4037  4037
4039  4039
4041  4041
4043  4043
4045  4045
4047  4047
4048  4048
4050  4050
4052  4052
4053  4053
4055  4055
4057  4057
4059  4059
4061  4061
4063  4063
4064  4064
4066  4066
4068  4068
4069  4069
4070  4070
4071  4071
4073  4073
4075  4075
4076  4076
4078  4078
4080  4080
4082  4082
4084  4084
4086  4086
4088  4088
4090  4090
4092  4092
4094  4094
4096  4096
4097  4097
4098  4098
4100  4100
4102  4102
4104  4104
4106  4106
4109  4109
4111  4111
4113  4113
4115  4115
4117  4117
4119  4119
4120  4120
4121  4121
4122  4122
4124  4124
4125  4125
4127  4127
4129  4129
4131  4131
4132  4132
4133  4133
4134  4134
4136  4136
4137  4137
4139  4139
4141  4141
4143  4143
4145  4145
4147  4147
4148  4148
4150  4150
4151  4151
4153  4153
4155  4155
4157  4157
4159  4159
4160  4160
4162  4162
4164  4164
4166  4166
4168  4168
4170  4170
4171  4171
4172  4172
4174  4174
4175  4175
4177  4177
4178  4178
4180  4180
4182  4182
4184  4184
4186  4186
4188  4188
4190  4190
4192  4192
4193  4193
4195  4195
4197  4197
4199  4199
4201  4201
4203  4203
4204  4204
4206  4206
4207  4207
4209  4209
4210  4210
4211  4211
4212  4212
4214  4214
4216  4216
4218  4218
4220  4220
4222  4222
4224  4224
4226  4226
4228  4228
4230  4230
4232  4232
4233  4233
4235  4235
4237  4237
4239  4239
4241  4241
4243  4243
4245  4245
4247  4247
4249  4249
4251  4251
4253  4253
4255  4255
4257  4257
4259  4259
4260  4260
4261  4261
4262  4262
4264  4264
4266  4266
4267  4267
4268  4268
4270  4270
4272  4272
4274  4274
4275  4275
4277  4277
4279  4279
4281  4281
4283  4283
4285  4285
4287  4287
4288  4288
4290  4290
4292  4292
4294  4294
4296  4296
4297  4297
4298  4298
4300  4300
4302  4302
4304  4304
4307  4307
4309  4309
4310  4310
4312  4312
4314  4314
4315  4315
4316  4316
4317  4317
4319  4319
4321  4321
4323  4323
4325  4325
4326  4326
4328  4328
4329  4329
4331  4331
4333  4333
4335  4335
4337  4337
4339  4339
4341  4341
4343  4343
4345  4345
4347  4347
4348  4348
4350  4350
4352  4352
4354  4354
4355  4355
4357  4357
4359  4359
4361  4361
4363  4363
4365  4365
4367  4367
4369  4369
4370  4370
4371  4371
4373  4373
4376  4376
4378  4378
4379  4379
4380  4380
4382  4382
4384  4384
4385  4385
4387  4387
4388  4388
4390  4390
4392  4392
4394  4394
4396  4396
4398  4398
4400  4400
4402  4402
4403  4403
4405  4405
4406  4406
4408  4408
4409  4409
4410  4410
4412  4412
4414  4414
4415  4415
4417  4417
4418  4418
4420  4420
4422  4422
4424  4424
4426  4426
4428  4428
4430  4430
4432  4432
4433  4433
4435  4435
4436  4436
4438  4438
4440  4440
4442  4442
4444  4444
4445  4445
4447  4447
4449  4449
4451  4451
4453  4453
4455  4455
4457  4457
4459  4459
4461  4461
4462  4462
4463  4463
4465  4465
4467  4467
4468  4468
4470  4470
4471  4471
4473  4473
4474  4474
4475  4475
4477  4477
4478  4478
4480  4480
4482  4482
4484  4484
4486  4486
4487  4487
4488  4488
4489  4489
4490  4490
4492  4492
4494  4494
4496  4496
4497  4497
4499  4499
4501  4501
4503  4503
4504  4504
4506  4506
4509  4509
4510  4510
4512  4512
4514  4514
4516  4516
4518  4518
4520  4520
4522  4522
4524  4524
4526  4526
4528  4528
4530  4530
4532  4532
4534  4534
4536  4536
4538  4538
4539  4539
4540  4540
4542  4542
4544  4544
4546  4546
4549  4549
4551  4551
4553  4553
4554  4554
4555  4555
4557  4557
4559  4559
4561  4561
4563  4563
4564  4564
4566  4566
4568  4568
4570  4570
4572  4572
4574  4574
4576  4576
4578  4578
4580  4580
4581  4581
4583  4583
4584  4584
4585  4585
4587  4587
4588  4588
4590  4590
4592  4592
4593  4593
4595  4595
4597  4597
4599  4599
4600  4600
4602  4602
4603  4603
4605  4605
4606  4606
4608  4608
4610  4610
4612  4612
4614  4614
4616  4616
4618  4618
4620  4620
4622  4622
4623  4623
4625  4625
4627  4627
4629  4629
4630  4630
4632  4632
4633  4633
4635  4635
4637  4637
4639  4639
4640  4640
4642  4642
4644  4644
4646  4646
4648  4648
4650  4650
4652  4652
4654  4654
4655  4655
4657  4657
4658  4658
4660  4660
4662  4662
4664  4664
4666  4666
4667  4667
4668  4668
4670  4670
4672  4672
4673  4673
4675  4675
4677  4677
4679  4679
4681  4681
4683  4683
4684  4684
4686  4686
4688  4688
4690  4690
4692  4692
4694  4694
4696  4696
4698  4698
4699  4699
4701  4701
4702  4702
4704  4704
4706  4706
4708  4708
4709  4709
4711  4711
4713  4713
4715  4715
4717  4717
4718  4718
4720  4720
4722  4722
4724  4724
4726  4726
4728  4728
4730  4730
4732  4732
4734  4734
4736  4736
4738  4738
4739  4739
4741  4741
4743  4743
4745  4745
4747  4747
4748  4748
4750  4750
4752  4752
4754  4754
4756  4756
4758  4758
4760  4760
4762  4762
4764  4764
4765  4765
4767  4767
4768  4768
4770  4770
4771  4771
4773  4773
4775  4775
4777  4777
4779  4779
4780  4780
4782  4782
4784  4784
4786  4786
4787  4787
4788  4788
4790  4790
4792  4792
4794  4794
4796  4796
4798  4798
4800  4800
4802  4802
4804  4804
4806  4806
4809  4809
4811  4811
4812  4812
4814  4814
4815  4815
4817  4817
4819  4819
4821  4821
4822  4822
4823  4823
4824  4824
4825  4825
4827  4827
4828  4828
4829  4829
4831  4831
4833  4833
4835  4835
4837  4837
4838  4838
4840  4840
4842  4842
4844  4844
4845  4845
4846  4846
4849  4849
4851  4851
4853  4853
4855  4855
4857  4857
4859  4859
4861  4861
4863  4863
4865  4865
4866  4866
4869  4869
4871  4871
4873  4873
4875  4875
4877  4877
4879  4879
4881  4881
4883  4883
4885  4885
4887  4887
4889  4889
4891  4891
4893  4893
4895  4895
4897  4897
4899  4899
4900  4900
4902  4902
4904  4904
4905  4905
4907  4907
4908  4908
4910  4910
4911  4911
4913  4913
4915  4915
4916  4916
4917  4917
4919  4919
4921  4921
4922  4922
4924  4924
4926  4926
4928  4928
4930  4930
4932  4932
4934  4934
4936  4936
4938  4938
4940  4940
4942  4942
4944  4944
4945  4945
4947  4947
4949  4949
4951  4951
4952  4952
4953  4953
4955  4955
4957  4957
4959  4959
4961  4961
4962  4962
4963  4963
4964  4964
4965  4965
4967  4967
4968  4968
4969  4969
4970  4970
4972  4972
4974  4974
4976  4976
4978  4978
4980  4980
4981  4981
4983  4983
4985  4985
4987  4987
4988  4988
4990  4990
4991  4991
4993  4993
4995  4995
4997  4997
4999  4999
5001  5001
5003  5003
5005  5005
5007  5007
5009  5009
5010  5010
5012  5012
5014  5014
5016  5016
5018  5018
5020  5020
5022  5022
5023  5023
5025  5025
5027  5027
5029  5029
5031  5031
5033  5033
5035  5035
5037  5037
5039  5039
5041  5041
5042  5042
5044  5044
5046  5046
5049  5049
5051  5051
5052  5052
5053  5053
5055  5055
5057  5057
5059  5059
5061  5061
5063  5063
5065  5065
5067  5067
5068  5068
5069  5069
5071  5071
5073  5073
5075  5075
5076  5076
5078  5078
5080  5080
5082  5082
5084  5084
5085  5085
5087  5087
5089  5089
5091  5091
5093  5093
5095  5095
5097  5097
5099  5099
5101  5101
5103  5103
5104  5104
5105  5105
5107  5107
5109  5109
5110  5110
5112  5112
5113  5113
5115  5115
5116  5116
5118  5118
5120  5120
5121  5121
5122  5122
5123  5123
5125  5125
5127  5127
5128  5128
5130  5130
5132  5132
5134  5134
5135  5135
5137  5137
5138  5138
5139  5139
5141  5141
5143  5143
5144  5144
5146  5146
5149  5149
5151  5151
5153  5153
5155  5155
5156  5156
5158  5158
5160  5160
5161  5161
5163  5163
5165  5165
5167  5167
5169  5169
5171  5171
5173  5173
5175  5175
5177  5177
5179  5179
5181  5181
5182  5182
5184  5184
5185  5185
5187  5187
5189  5189
5191  5191
5193  5193
5195  5195
5197  5197
5198  5198
5200  5200
5201  5201
5203  5203
5204  5204
5206  5206
5209  5209
5210  5210
5212  5212
5213  5213
5214  5214
5215  5215
5217  5217
5219  5219
5221  5221
5223  5223
5224  5224
5225  5225
5227  5227
5228  5228
5230  5230
5232  5232
5234  5234
5236  5236
5238  5238
5239  5239
5241  5241
5243  5243
5244  5244
5246  5246
5249  5249
5250  5250
5252  5252
5254  5254
5256  5256
5257  5257
5259  5259
5261  5261
5263  5263
5265  5265
5267  5267
5269  5269
5270  5270
5271  5271
5273  5273
5275  5275
5277  5277
5279  5279
5280  5280
5282  5282
5283  5283
5285  5285
5287  5287
5288  5288
5290  5290
5292  5292
5294  5294
5296  5296
5298  5298
5299  5299
5301  5301
5303  5303
5304  5304
5306  5306
5308  5308
5310  5310
5312  5312
5314  5314
5315  5315
5316  5316
5318  5318
5320  5320
5322  5322
5324  5324
5325  5325
5327  5327
5328  5328
5329  5329
5331  5331
5333  5333
5335  5335
5336  5336
5337  5337
5339  5339
5341  5341
5343  5343
5345  5345
5346  5346
5347  5347
5349  5349
5350  5350
5352  5352
5354  5354
5355  5355
5357  5357
5359  5359
5360  5360
5362  5362
5364  5364
5366  5366
5367  5367
5369  5369
5371  5371
5373  5373
5375  5375
5377  5377
5379  5379
5381  5381
5382  5382
5384  5384
5386  5386
5388  5388
5389  5389
5391  5391
5393  5393
5395  5395
5396  5396
5397  5397
5399  5399
5401  5401
5403  5403
5404  5404
5406  5406
5407  5407
5408  5408
5410  5410
5411  5411
5413  5413
5414  5414
5416  5416
5418  5418
5419  5419
5421  5421
5423  5423
5425  5425
5426  5426
5429  5429
5430  5430
5432  5432
5434  5434
5436  5436
5437  5437
5439  5439
5441  5441
5443  5443
5445  5445
5447  5447
5448  5448
5450  5450
5452  5452
5454  5454
5456  5456
5458  5458
5459  5459
5461  5461
5462  5462
5464  5464
5466  5466
5469  5469
5471  5471
5473  5473
5475  5475
5477  5477
5479  5479
5481  5481
5483  5483
5484  5484
5486  5486
5488  5488
5489  5489
5490  5490
5492  5492
5494  5494
5496  5496
5497  5497
5499  5499
5500  5500
5502  5502
5504  5504
5506  5506
5507  5507
5509  5509
5511  5511
5513  5513
5515  5515
5517  5517
5518  5518
5519  5519
5520  5520
5521  5521
5523  5523
5525  5525
5526  5526
5528  5528
5529  5529
5530  5530
5532  5532
5534  5534
5536  5536
5538  5538
5540  5540
5542  5542
5543  5543
5544  5544
5546  5546
5548  5548
5550  5550
5551  5551
5553  5553
5554  5554
5556  5556
5557  5557
5559  5559
5561  5561
5563  5563
5565  5565
5567  5567
5568  5568
5570  5570
5572  5572
5573  5573
5575  5575
5577  5577
5578  5578
5580  5580
5581  5581
5582  5582
5583  5583
5585  5585
5586  5586
5588  5588
5590  5590
5592  5592
5594  5594
5596  5596
5598  5598
5600  5600
5602  5602
5604  5604
5606  5606
5609  5609
5610  5610
5612  5612
5613  5613
5615  5615
5617  5617
5619  5619
5621  5621
5622  5622
5624  5624
5626  5626
5629  5629
5631  5631
5632  5632
5634  5634
5636  5636
5637  5637
5638  5638
5640  5640
5641  5641
5643  5643
5645  5645
5647  5647
5648  5648
5650  5650
5652  5652
5654  5654
5656  5656
5658  5658
5660  5660
5662  5662
5664  5664
5666  5666
5668  5668
5669  5669
5671  5671
5672  5672
5673  5673
5675  5675
5677  5677
5678  5678
5680  5680
5681  5681
5683  5683
5685  5685
5686  5686
5687  5687
5688  5688
5689  5689
5691  5691
5692  5692
5694  5694
5696  5696
5698  5698
5700  5700
5702  5702
5704  5704
5706  5706
5708  5708
5710  5710
5712  5712
5714  5714
5716  5716
5718  5718
5720  5720
5722  5722
5724  5724
5725  5725
5727  5727
5728  5728
5730  5730
5732  5732
5733  5733
5735  5735
5736  5736
5737  5737
5739  5739
5741  5741
5743  5743
5745  5745
5746  5746
5749  5749
5751  5751
5753  5753
5754  5754
5756  5756
5757  5757
5759  5759
5761  5761
5762  5762
5764  5764
5766  5766
5767  5767
5769  5769
5771  5771
5773  5773
5775  5775
5777  5777
5778  5778
5779  5779
5780  5780
5782  5782
5784  5784
5786  5786
5788  5788
5790  5790
5791  5791
5793  5793
5795  5795
5797  5797
5799  5799
5801  5801
5803  5803
5805  5805
5807  5807
5808  5808
5810  5810
5811  5811
5813  5813
5815  5815
5816  5816
5818  5818
5819  5819
5821  5821
5823  5823
5825  5825
5827  5827
5829  5829
5831  5831
5833  5833
5835  5835
5837  5837
5839  5839
5840  5840
5842  5842
5844  5844
5846  5846
5849  5849
5851  5851
5853  5853
5855  5855
5857  5857
5859  5859
5861  5861
5863  5863
5865  5865
5867  5867
5869  5869
5871  5871
5873  5873
5875  5875
5877  5877
5878  5878
5880  5880
5882  5882
5884  5884
5885  5885
5887  5887
5888  5888
5890  5890
5892  5892
5894  5894
5896  5896
5898  5898
5900  5900
5901  5901
5903  5903
5905  5905
5906  5906
5909  5909
5911  5911
5913  5913
5915  5915
5917  5917
5918  5918
5920  5920
5921  5921
5923  5923
5925  5925
5927  5927
5929  5929
5931  5931
5932  5932
5934  5934
5936  5936
5937  5937
5939  5939
5941  5941
5943  5943
5944  5944
5945  5945
5946  5946
5948  5948
5949  5949
5951  5951
5953  5953
5955  5955
5957  5957
5959  5959
5960  5960
5962  5962
5963  5963
5965  5965
5966  5966
5967  5967
5968  5968
5970  5970
5972  5972
5974  5974
5976  5976
5977  5977
5979  5979
5980  5980
5981  5981
5983  5983
5985  5985
5987  5987
5989  5989
5990  5990
5992  5992
5994  5994
5995  5995
5997  5997
5999  5999
6001  6001
6003  6003
6005  6005
6007  6007
6008  6008
6009  6009
6010  6010
6012  6012
6014  6014
6015  6015
6017  6017
6018  6018
6019  6019
6020  6020
6021  6021
6023  6023
6025  6025
6027  6027
6028  6028
6030  6030
6032  6032
6034  6034
6036  6036
6038  6038
6040  6040
6042  6042
6044  6044
6046  6046
6048  6048
6050  6050
6051  6051
6052  6052
6054  6054
6056  6056
6058  6058
6060  6060
6062  6062
6064  6064
6066  6066
6067  6067
6069  6069
6070  6070
6072  6072
6074  6074
6076  6076
6078  6078
6080  6080
6082  6082
6084  6084
6085  6085
6086  6086
6089  6089
6090  6090
6091  6091
6093  6093
6095  6095
6096  6096
6098  6098
6100  6100
6102  6102
6104  6104
6105  6105
6106  6106
6107  6107
6109  6109
6110  6110
6111  6111
6113  6113
6115  6115
6116  6116
6118  6118
6119  6119
6121  6121
6123  6123
6125  6125
6127  6127
6128  6128
6129  6129
6131  6131
6132  6132
6134  6134
6136  6136
6138  6138
6140  6140
6142  6142
6143  6143
6145  6145
6147  6147
6149  6149
6151  6151
6153  6153
6155  6155
6157  6157
6158  6158
6160  6160
6162  6162
6164  6164
6166  6166
6168  6168
6170  6170
6172  6172
6174  6174
6176  6176
6178  6178
6180  6180
6182  6182
6183  6183
6184  6184
6186  6186
6189  6189
6191  6191
6192  6192
6194  6194
6196  6196
6198  6198
6200  6200
6202  6202
6204  6204
6206  6206
6207  6207
6209  6209
6210  6210
6212  6212
6213  6213
6215  6215
6217  6217
6219  6219
6220  6220
6221  6221
6223  6223
6224  6224
6225  6225
6226  6226
6227  6227
6228  6228
6229  6229
6231  6231
6232  6232
6234  6234
6236  6236
6237  6237
6238  6238
6240  6240
6242  6242
6243  6243
6245  6245
6247  6247
6248  6248
6250  6250
6252  6252
6254  6254
6255  6255
6257  6257
6259  6259
6261  6261
6263  6263
6264  6264
6266  6266
6268  6268
6270  6270
6272  6272
6273  6273
6275  6275
6276  6276
6278  6278
6279  6279
6280  6280
6281  6281
6282  6282
6284  6284
6286  6286
6289  6289
6291  6291
6292  6292
6294  6294
6296  6296
6298  6298
6299  6299
6301  6301
6303  6303
6304  6304
6306  6306
6308  6308
6310  6310
6312  6312
6314  6314
6316  6316
6318  6318
6319  6319
6320  6320
6322  6322
6324  6324
6326  6326
6327  6327
6328  6328
6330  6330
6332  6332
6334  6334
6336  6336
6338  6338
6340  6340
6342  6342
6344  6344
6346  6346
6349  6349
6351  6351
6353  6353
6355  6355
6357  6357
6358  6358
6360  6360
6361  6361
6363  6363
6365  6365
6367  6367
6368  6368
6370  6370
6372  6372
6374  6374
6376  6376
6377  6377
6379  6379
6381  6381
6383  6383
6385  6385
6386  6386
6387  6387
6389  6389
6391  6391
6393  6393
6395  6395
6397  6397
6399  6399
6400  6400
6402  6402
6404  6404
6406  6406
6408  6408
6410  6410
6412  6412
6414  6414
6416  6416
6418  6418
6420  6420
6422  6422
6424  6424
6425  6425
6427  6427
6428  6428
6429  6429
6430  6430
6432  6432
6434  6434
6436  6436
6437  6437
6438  6438
6440  6440
6442  6442
6444  6444
6446  6446
6449  6449
6450  6450
6452  6452
6453  6453
6454  6454
6456  6456
6457  6457
6459  6459
6461  6461
6463  6463
6464  6464
6466  6466
6469  6469
6471  6471
6473  6473
6475  6475
6477  6477
6479  6479
6481  6481
6482  6482
6484  6484
6486  6486
6487  6487
6488  6488
6490  6490
6492  6492
6494  6494
6496  6496
6498  6498
6500  6500
6502  6502
6503  6503
6504  6504
6505  6505
6507  6507
6508  6508
6510  6510
6512  6512
6514  6514
6515  6515
6516  6516
6518  6518
6520  6520
6522  6522
6524  6524
6526  6526
6527  6527
6528  6528
6530  6530
6532  6532
6533  6533
6535  6535
6536  6536
6538  6538
6540  6540
6542  6542
6544  6544
6546  6546
6548  6548
6550  6550
6552  6552
6553  6553
6555  6555
6556  6556
6558  6558
6560  6560
6562  6562
6564  6564
6566  6566
6569  6569
6570  6570
6571  6571
6573  6573
6575  6575
6577  6577
6579  6579
6580  6580
6582  6582
6584  6584
6586  6586
6587  6587
6589  6589
6591  6591
6593  6593
6595  6595
6596  6596
6598  6598
6600  6600
6602  6602
6603  6603
6605  6605
6607  6607
6609  6609
6611  6611
6613  6613
6615  6615
6616  6616
6617  6617
6619  6619
6620  6620
6622  6622
6623  6623
6624  6624
6626  6626
6628  6628
6629  6629
6631  6631
6633  6633
6634  6634
6636  6636
6638  6638
6640  6640
6642  6642
6644  6644
6646  6646
6648  6648
6650  6650
6651  6651
6653  6653
6655  6655
6656  6656
6658  6658
6659  6659
6661  6661
6663  6663
6665  6665
6667  6667
6668  6668
6669  6669
6671  6671
6673  6673
6675  6675
6677  6677
6679  6679
6680  6680
6682  6682
6684  6684
6686  6686
6688  6688
6690  6690
6691  6691
6693  6693
6695  6695
6697  6697
6698  6698
6699  6699
6700  6700
6702  6702
6703  6703
6705  6705
6707  6707
6708  6708
6710  6710
6712  6712
6713  6713
6714  6714
6715  6715
6717  6717
6718  6718
6720  6720
6722  6722
6724  6724
6726  6726
6727  6727
6728  6728
6730  6730
6732  6732
6734  6734
6736  6736
6737  6737
6739  6739
6741  6741
6742  6742
6743  6743
6745  6745
6746  6746
6748  6748
6749  6749
6751  6751
6753  6753
6755  6755
6757  6757
6759  6759
6761  6761
6762  6762
6764  6764
6765  6765
6767  6767
6769  6769
6771  6771
6773  6773
6775  6775
6776  6776
6778  6778
6780  6780
6781  6781
6783  6783
6785  6785
6786  6786
6788  6788
6790  6790
6792  6792
6794  6794
6795  6795
6797  6797
6799  6799
6801  6801
6803  6803
6805  6805
6806  6806
6807  6807
6809  6809
6811  6811
6813  6813
6814  6814
6816  6816
6818  6818
6820  6820
6822  6822
6824  6824
6825  6825
6827  6827
6829  6829
6830  6830
6832  6832
6834  6834
6836  6836
6837  6837
6839  6839
6841  6841
6843  6843
6845  6845
6847  6847
6848  6848
6849  6849
6851  6851
6853  6853
6855  6855
6856  6856
6858  6858
6859  6859
6861  6861
6863  6863
6865  6865
6867  6867
6868  6868
6870  6870
6872  6872
6873  6873
6875  6875
6877  6877
6879  6879
6880  6880
6882  6882
6883  6883
6884  6884
6885  6885
6887  6887
6889  6889
6891  6891
6892  6892
6893  6893
6894  6894
6896  6896
6898  6898
6899  6899
6901  6901
6902  6902
6903  6903
6905  6905
6907  6907
6909  6909
6911  6911
6913  6913
6914  6914
6915  6915
6917  6917
6919  6919
6921  6921
6923  6923
6924  6924
6926  6926
6927  6927
6929  6929
6931  6931
6933  6933
6935  6935
6937  6937
6938  6938
6940  6940
6941  6941
6943  6943
6945  6945
6947  6947
6949  6949
6950  6950
6952  6952
6954  6954
6956  6956
6957  6957
6958  6958
6959  6959
6960  6960
6962  6962
6964  6964
6966  6966
6967  6967
6969  6969
6971  6971
6973  6973
6974  6974
6976  6976
6978  6978
6980  6980
6982  6982
6984  6984
6986  6986
6987  6987
6989  6989
6991  6991
6992  6992
6993  6993
6995  6995
6996  6996
6997  6997
6999  6999
7001  7001
7003  7003
7004  7004
7005  7005
7007  7007
7009  7009
7011  7011
7013  7013
7015  7015
7016  7016
7018  7018
7020  7020
7022  7022
7024  7024
7025  7025
7027  7027
7029  7029
7031  7031
7033  7033
7035  7035
7036  7036
7037  7037
7039  7039
7041  7041
7042  7042
7044  7044
7046  7046
7049  7049
7050  7050
7052  7052
7054  7054
7056  7056
7058  7058
7060  7060
7061  7061
7063  7063
7065  7065
7067  7067
7069  7069
7071  7071
7073  7073
7075  7075
7076  7076
7077  7077
7079  7079
7081  7081
7083  7083
7085  7085
7086  7086
7087  7087
7089  7089
7091  7091
7093  7093
7094  7094
7096  7096
7098  7098
7099  7099
7101  7101
7103  7103
7105  7105
7107  7107
7109  7109
7111  7111
7112  7112
7114  7114
7116  7116
7118  7118
7119  7119
7121  7121
7122  7122
7124  7124
7126  7126
7128  7128
7130  7130
7132  7132
7134  7134
7136  7136
7137  7137
7139  7139
7141  7141
7142  7142
7144  7144
7146  7146
7149  7149
7151  7151
7152  7152
7153  7153
7155  7155
7156  7156
7158  7158
7159  7159
7161  7161
7162  7162
7164  7164
7166  7166
7167  7167
7169  7169
7171  7171
7173  7173
7175  7175
7177  7177
7178  7178
7179  7179
7181  7181
7182  7182
7184  7184
7185  7185
7187  7187
7188  7188
7190  7190
7192  7192
7194  7194
7196  7196
7198  7198
7200  7200
7201  7201
7202  7202
7204  7204
7206  7206
7207  7207
7208  7208
7209  7209
7211  7211
7213  7213
7215  7215
7217  7217
7219  7219
7221  7221
7223  7223
7225  7225
7227  7227
7228  7228
7230  7230
7231  7231
7233  7233
7235  7235
7237  7237
7238  7238
7240  7240
7242  7242
7243  7243
7244  7244
7246  7246
7249  7249
7250  7250
7252  7252
7254  7254
7255  7255
7257  7257
7259  7259
7260  7260
7261  7261
7263  7263
7265  7265
7266  7266
7268  7268
7270  7270
7272  7272
7273  7273
7274  7274
7276  7276
7278  7278
7279  7279
7281  7281
7282  7282
7284  7284
7286  7286
7288  7288
7289  7289
7291  7291
7293  7293
7295  7295
7297  7297
7299  7299
7300  7300
7302  7302
7304  7304
7306  7306
7307  7307
7309  7309
7311  7311
7313  7313
7315  7315
7317  7317
7319  7319
7320  7320
7322  7322
7323  7323
7325  7325
7327  7327
7328  7328
7329  7329
7331  7331
7332  7332
7333  7333
7335  7335
7337  7337
7338  7338
7340  7340
7342  7342
7344  7344
7346  7346
7348  7348
7350  7350
7352  7352
7353  7353
7355  7355
7357  7357
7358  7358
7360  7360
7362  7362
7364  7364
7366  7366
7368  7368
7370  7370
7371  7371
7373  7373
7375  7375
7377  7377
7378  7378
7380  7380
7382  7382
7384  7384
7386  7386
7387  7387
7388  7388
7389  7389
7391  7391
7393  7393
7394  7394
7395  7395
7396  7396
7398  7398
7399  7399
7401  7401
7403  7403
7404  7404
7406  7406
7408  7408
7410  7410
7412  7412
7414  7414
7416  7416
7418  7418
7420  7420
7421  7421
7423  7423
7425  7425
7427  7427
7428  7428
7430  7430
7432  7432
7433  7433
7434  7434
7436  7436
7437  7437
7438  7438
7440  7440
7442  7442
7443  7443
7445  7445
7446  7446
7448  7448
7450  7450
7452  7452
7453  7453
7455  7455
7456  7456
7457  7457
7459  7459
7461  7461
7462  7462
7464  7464
7466  7466
7469  7469
7470  7470
7471  7471
7473  7473
7475  7475
7477  7477
7479  7479
7481  7481
7483  7483
7485  7485
7486  7486
7487  7487
7488  7488
7490  7490
7491  7491
7492  7492
7494  7494
7496  7496
7498  7498
7499  7499
7501  7501
7503  7503
7505  7505
7506  7506
7508  7508
7510  7510
7512  7512
7514  7514
7515  7515
7516  7516
7518  7518
7520  7520
7521  7521
7523  7523
7525  7525
7527  7527
7528  7528
7530  7530
7532  7532
7534  7534
7536  7536
7538  7538
7540  7540
7542  7542
7544  7544
7545  7545
7547  7547
7549  7549
7551  7551
7552  7552
7553  7553
7555  7555
7556  7556
7558  7558
7560  7560
7562  7562
7564  7564
7566  7566
7569  7569
7571  7571
7572  7572
7574  7574
7576  7576
7578  7578
7580  7580
7581  7581
7582  7582
7583  7583
7585  7585
7587  7587
7588  7588
7590  7590
7592  7592
7593  7593
7595  7595
7597  7597
7599  7599
7600  7600
7601  7601
7602  7602
7603  7603
7604  7604
7605  7605
7607  7607
7608  7608
7610  7610
7612  7612
7613  7613
7615  7615
7616  7616
7618  7618
7619  7619
7620  7620
7622  7622
7623  7623
7625  7625
7627  7627
7628  7628
7630  7630
7632  7632
7634  7634
7635  7635
7637  7637
7639  7639
7640  7640
7641  7641
7642  7642
7644  7644
7645  7645
7646  7646
7649  7649
7650  7650
7651  7651
7652  7652
7653  7653
7654  7654
7656  7656
7658  7658
7660  7660
7662  7662
7664  7664
7666  7666
7668  7668
7669  7669
7671  7671
7672  7672
7674  7674
7676  7676
7677  7677
7678  7678
7679  7679
7681  7681
7683  7683
7685  7685
7687  7687
7689  7689
7691  7691
7693  7693
7694  7694
7695  7695
7697  7697
7698  7698
7700  7700
7702  7702
7703  7703
7705  7705
7707  7707
7708  7708
7710  7710
7712  7712
7714  7714
7715  7715
7717  7717
7718  7718
7720  7720
7722  7722
7723  7723
7725  7725
7726  7726
7729  7729
7731  7731
7733  7733
7735  7735
7736  7736
7738  7738
7740  7740
7742  7742
7744  7744
7746  7746
7748  7748
7750  7750
7752  7752
7753  7753
7755  7755
7757  7757
7759  7759
7760  7760
7762  7762
7764  7764
7765  7765
7767  7767
7768  7768
7770  7770
7771  7771
7773  7773
7775  7775
7777  7777
7779  7779
7780  7780
7781  7781
7783  7783
7784  7784
7786  7786
7789  7789
7791  7791
7792  7792
7794  7794
7796  7796
7798  7798
7799  7799
7801  7801
7802  7802
7804  7804
7805  7805
7806  7806
7808  7808
7809  7809
7811  7811
7813  7813
7815  7815
7817  7817
7818  7818
7820  7820
7822  7822
7824  7824
7826  7826
7828  7828
7830  7830
7831  7831
7832  7832
7834  7834
7835  7835
7837  7837
7838  7838
7839  7839
7841  7841
7842  7842
7844  7844
7845  7845
7847  7847
7848  7848
7850  7850
7852  7852
7854  7854
7855  7855
7856  7856
7858  7858
7859  7859
7861  7861
7862  7862
7863  7863
7865  7865
7866  7866
7867  7867
7869  7869
7871  7871
7873  7873
7875  7875
7876  7876
7878  7878
7879  7879
7881  7881
7883  7883
7885  7885
7887  7887
7888  7888
7890  7890
7892  7892
7893  7893
7895  7895
7897  7897
7899  7899
7901  7901
7902  7902
7903  7903
7905  7905
7907  7907
7908  7908
7910  7910
7911  7911
7913  7913
7915  7915
7917  7917
7919  7919
7921  7921
7922  7922
7924  7924
7926  7926
7927  7927
7929  7929
7931  7931
7933  7933
7935  7935
7937  7937
7939  7939
7941  7941
7943  7943
7944  7944
7945  7945
7947  7947
7948  7948
7949  7949
7951  7951
7953  7953
7955  7955
7957  7957
7959  7959
7960  7960
7962  7962
7964  7964
7966  7966
7969  7969
7970  7970
7972  7972
7974  7974
7975  7975
7976  7976
7977  7977
7979  7979
7981  7981
7983  7983
7984  7984
7986  7986
7988  7988
7989  7989
7990  7990
7992  7992
7994  7994
7996  7996
7998  7998
8000  8000
8002  8002
8004  8004
8006  8006
8009  8009
8011  8011
8013  8013
8015  8015
8017  8017
8018  8018
8020  8020
8022  8022
8024  8024
8025  8025
8027  8027
8029  8029
8031  8031
8033  8033
8034  8034
8036  8036
8037  8037
8039  8039
8041  8041
8043  8043
8044  8044
8046  8046
8048  8048
8050  8050
8051  8051
8053  8053
8054  8054
8056  8056
8058  8058
8059  8059
8061  8061
8062  8062
8064  8064
8066  8066
8068  8068
8070  8070
8072  8072
8074  8074
8075  8075
8077  8077
8079  8079
8081  8081
8083  8083
8085  8085
8086  8086
8088  8088
8090  8090
8091  8091
8092  8092
8093  8093
8095  8095
8096  8096
8098  8098
8099  8099
8101  8101
8102  8102
8103  8103
8105  8105
8107  8107
8108  8108
8110  8110
8112  8112
8113  8113
8115  8115
8117  8117
8119  8119
8121  8121
8123  8123
8125  8125
8127  8127
8128  8128
8129  8129
8131  8131
8133  8133
8134  8134
8136  8136
8137  8137
8139  8139
8141  8141
8143  8143
8144  8144
8146  8146
8148  8148
8150  8150
8152  8152
8154  8154
8156  8156
8157  8157
8159  8159
8161  8161
8163  8163
8165  8165
8167  8167
8168  8168
8170  8170
8172  8172
8174  8174
8176  8176
8177  8177
8179  8179
8180  8180
8182  8182
8184  8184
8186  8186
8187  8187
8188  8188
8190  8190
8192  8192
8194  8194
8196  8196
8197  8197
8199  8199
8201  8201
8203  8203
8205  8205
8207  8207
8209  8209
8210  8210
8212  8212
8214  8214
8215  8215
8217  8217
8218  8218
8220  8220
8221  8221
8222  8222
8224  8224
8225  8225
8227  8227
8228  8228
8230  8230
8232  8232
8234  8234
8236  8236
8237  8237
8238  8238
8240  8240
8242  8242
8243  8243
8244  8244
8245  8245
8246  8246
8248  8248
8250  8250
8252  8252
8254  8254
8256  8256
8258  8258
8260  8260
8261  8261
8262  8262
8264  8264
8265  8265
8266  8266
8269  8269
8271  8271
8273  8273
8274  8274
8276  8276
8277  8277
8279  8279
8281  8281
8283  8283
8284  8284
8286  8286
8287  8287
8288  8288
8290  8290
8292  8292
8294  8294
8296  8296
8298  8298
8299  8299
8301  8301
8303  8303
8305  8305
8307  8307
8308  8308
8310  8310
8311  8311
8312  8312
8314  8314
8316  8316
8318  8318
8320  8320
8322  8322
8324  8324
8326  8326
8327  8327
8329  8329
8331  8331
8333  8333
8335  8335
8337  8337
8339  8339
8341  8341
8342  8342
8344  8344
8345  8345
8347  8347
8348  8348
8350  8350
8352  8352
8354  8354
8356  8356
8357  8357
8359  8359
8360  8360
8362  8362
8364  8364
8366  8366
8367  8367
8369  8369
8370  8370
8372  8372
8374  8374
8376  8376
8378  8378
8380  8380
8381  8381
8383  8383
8385  8385
8387  8387
8388  8388
8389  8389
8391  8391
8393  8393
8395  8395
8397  8397
8398  8398
8399  8399
8400  8400
8402  8402
8404  8404
8406  8406
8409  8409
8411  8411
8413  8413
8414  8414
8415  8415
8417  8417
8419  8419
8420  8420
8421  8421
8423  8423
8425  8425
8427  8427
8429  8429
8431  8431
8433  8433
8435  8435
8437  8437
8438  8438
8440  8440
8441  8441
8443  8443
8445  8445
8447  8447
8449  8449
8450  8450
8451  8451
8453  8453
8454  8454
8455  8455
8456  8456
8457  8457
8459  8459
8461  8461
8463  8463
8464  8464
8466  8466
8468  8468
8469  8469
8471  8471
8472  8472
8474  8474
8476  8476
8478  8478
8480  8480
8482  8482
8484  8484
8486  8486
8488  8488
8489  8489
8491  8491
8492  8492
8493  8493
8494  8494
8496  8496
8497  8497
8499  8499
8501  8501
8503  8503
8505  8505
8507  8507
8509  8509
8510  8510
8512  8512
8514  8514
8515  8515
8517  8517
8518  8518
8519  8519
8521  8521
8523  8523
8525  8525
8527  8527
8529  8529
8531  8531
8532  8532
8534  8534
8535  8535
8537  8537
8539  8539
8540  8540
8542  8542
8544  8544
8545  8545
8546  8546
8548  8548
8549  8549
8551  8551
8552  8552
8553  8553
8554  8554
8556  8556
8558  8558
8559  8559
8561  8561
8563  8563
8564  8564
8566  8566
8567  8567
8569  8569
8571  8571
8573  8573
8575  8575
8577  8577
8578  8578
8580  8580
8582  8582
8584  8584
8586  8586
8587  8587
8588  8588
8590  8590
8592  8592
8594  8594
8596  8596
8598  8598
8600  8600
8602  8602
8604  8604
8606  8606
8609  8609
8610  8610
8611  8611
8613  8613
8614  8614
8615  8615
8617  8617
8619  8619
8621  8621
8623  8623
8624  8624
8626  8626
8628  8628
8630  8630
8632  8632
8634  8634
8636  8636
8638  8638
8640  8640
8641  8641
8643  8643
8645  8645
8646  8646
8647  8647
8648  8648
8650  8650
8651  8651
8653  8653
8654  8654
8656  8656
8658  8658
8660  8660
8662  8662
8663  8663
8665  8665
8666  8666
8668  8668
8670  8670
8672  8672
8674  8674
8676  8676
8678  8678
8679  8679
8681  8681
8682  8682
8683  8683
8685  8685
8687  8687
8689  8689
8691  8691
8693  8693
8695  8695
8696  8696
8697  8697
8699  8699
8700  8700
8701  8701
8703  8703
8705  8705
8707  8707
8708  8708
8710  8710
8712  8712
8714  8714
8716  8716
8718  8718
8720  8720
8722  8722
8723  8723
8725  8725
8727  8727
8728  8728
8730  8730
8732  8732
8733  8733
8735  8735
8736  8736
8737  8737
8739  8739
8740  8740
8741  8741
8743  8743
8744  8744
8745  8745
8747  8747
8749  8749
8751  8751
8752  8752
8754  8754
8756  8756
8758  8758
8760  8760
8761  8761
8762  8762
8764  8764
8766  8766
8769  8769
8770  8770
8772  8772
8774  8774
8776  8776
8778  8778
8780  8780
8781  8781
8783  8783
8785  8785
8787  8787
8788  8788
8790  8790
8791  8791
8793  8793
8794  8794
8795  8795
8797  8797
8799  8799
8800  8800
8802  8802
8804  8804
8806  8806
8809  8809
8811  8811
8812  8812
8814  8814
8815  8815
8816  8816
8817  8817
8819  8819
8820  8820
8822  8822
8824  8824
8826  8826
8828  8828
8830  8830
8832  8832
8833  8833
8835  8835
8837  8837
8838  8838
8840  8840
8842  8842
8844  8844
8846  8846
8849  8849
8850  8850
8852  8852
8854  8854
8856  8856
8857  8857
8859  8859
8861  8861
8863  8863
8865  8865
8866  8866
8868  8868
8870  8870
8871  8871
8872  8872
8874  8874
8876  8876
8878  8878
8880  8880
8881  8881
8883  8883
8885  8885
8887  8887
8888  8888
8889  8889
8890  8890
8892  8892
8894  8894
8896  8896
8898  8898
8900  8900
8902  8902
8904  8904
8905  8905
8906  8906
8908  8908
8910  8910
8912  8912
8913  8913
8915  8915
8917  8917
8919  8919
8921  8921
8922  8922
8923  8923
8925  8925
8927  8927
8928  8928
8930  8930
8931  8931
8932  8932
8933  8933
8935  8935
8937  8937
8938  8938
8940  8940
8941  8941
8943  8943
8945  8945
8947  8947
8948  8948
8950  8950
8952  8952
8953  8953
8954  8954
8955  8955
8957  8957
8958  8958
8959  8959
8960  8960
8962  8962
8964  8964
8965  8965
8966  8966
8967  8967
8968  8968
8970  8970
8971  8971
8972  8972
8974  8974
8976  8976
8978  8978
8980  8980
8981  8981
8982  8982
8983  8983
8984  8984
8986  8986
8987  8987
8989  8989
8991  8991
8993  8993
8994  8994
8996  8996
8997  8997
8998  8998
9000  9000
9002  9002
9004  9004
9006  9006
9009  9009
9011  9011
9012  9012
9014  9014
9015  9015
9017  9017
9019  9019
9021  9021
9023  9023
9024  9024
9026  9026
9027  9027
9028  9028
9030  9030
9032  9032
9033  9033
9035  9035
9036  9036
9038  9038
9039  9039
9041  9041
9043  9043
9045  9045
9047  9047
9049  9049
9050  9050
9052  9052
9053  9053
9055  9055
9056  9056
9058  9058
9060  9060
9062  9062
9064  9064
9065  9065
9067  9067
9069  9069
9070  9070
9071  9071
9073  9073
9074  9074
9076  9076
9078  9078
9079  9079
9081  9081
9083  9083
9084  9084
9085  9085
9087  9087
9088  9088
9089  9089
9091  9091
9092  9092
9094  9094
9095  9095
9096  9096
9098  9098
9100  9100
9102  9102
9104  9104
9106  9106
9108  9108
9110  9110
9112  9112
9113  9113
9115  9115
9117  9117
9119  9119
9121  9121
9122  9122
9124  9124
9126  9126
9127  9127
9128  9128
9130  9130
9132  9132
9133  9133
9134  9134
9135  9135
9137  9137
9139  9139
9141  9141
9142  9142
9144  9144
9146  9146
9149  9149
9151  9151
9152  9152
9154  9154
9155  9155
9156  9156
9158  9158
9160  9160
9162  9162
9164  9164
9166  9166
9168  9168
9170  9170
9172  9172
9174  9174
9176  9176
9178  9178
9180  9180
9182  9182
9184  9184
9186  9186
9187  9187
9189  9189
9190  9190
9191  9191
9193  9193
9194  9194
9195  9195
9196  9196
9198  9198
9199  9199
9201  9201
9203  9203
9205  9205
9207  9207
9208  9208
9210  9210
9211  9211
9213  9213
9215  9215
9217  9217
9218  9218
9220  9220
9222  9222
9224  9224
9226  9226
9227  9227
9228  9228
9230  9230
9232  9232
9234  9234
9235  9235
9236  9236
9237  9237
9239  9239
9241  9241
9243  9243
9245  9245
9246  9246
9248  9248
9250  9250
9252  9252
9253  9253
9255  9255
9256  9256
9258  9258
9260  9260
9261  9261
9262  9262
9264  9264
9266  9266
9269  9269
9271  9271
9273  9273
9275  9275
9276  9276
9278  9278
9280  9280
9282  9282
9284  9284
9286  9286
9289  9289
9291  9291
9293  9293
9295  9295
9297  9297
9298  9298
9299  9299
9300  9300
9302  9302
9304  9304
9306  9306
9308  9308
9309  9309
9310  9310
9312  9312
9313  9313
9315  9315
9317  9317
9319  9319
9320  9320
9321  9321
9323  9323
9324  9324
9326  9326
9329  9329
9331  9331
9333  9333
9335  9335
9337  9337
9339  9339
9340  9340
9341  9341
9342  9342
9344  9344
9346  9346
9347  9347
9348  9348
9350  9350
9352  9352
9354  9354
9355  9355
9356  9356
9358  9358
9360  9360
9362  9362
9364  9364
9366  9366
9368  9368
9369  9369
9371  9371
9373  9373
9375  9375
9377  9377
9379  9379
9381  9381
9383  9383
9385  9385
9387  9387
9388  9388
9389  9389
9390  9390
9392  9392
9393  9393
9395  9395
9396  9396
9398  9398
9400  9400
9402  9402
9403  9403
9405  9405
9407  9407
9408  9408
9410  9410
9412  9412
9414  9414
9415  9415
9416  9416
9418  9418
9420  9420
9421  9421
9422  9422
9424  9424
9425  9425
9427  9427
9428  9428
9430  9430
9432  9432
9434  9434
9436  9436
9438  9438
9440  9440
9441  9441
9442  9442
9444  9444
9446  9446
9448  9448
9449  9449
9451  9451
9453  9453
9455  9455
9456  9456
9457  9457
9459  9459
9460  9460
9461  9461
9463  9463
9465  9465
9467  9467
9469  9469
9470  9470
9472  9472
9473  9473
9475  9475
9476  9476
9478  9478
9480  9480
9482  9482
9484  9484
9486  9486
9489  9489
9491  9491
9493  9493
9495  9495
9496  9496
9498  9498
9500  9500
9501  9501
9503  9503
9504  9504
9505  9505
9507  9507
9508  9508
9510  9510
9511  9511
9512  9512
9514  9514
9516  9516
9518  9518
9519  9519
9521  9521
9522  9522
9523  9523
9525  9525
9526  9526
9527  9527
9528  9528
9530  9530
9532  9532
9534  9534
9536  9536
9538  9538
9539  9539
9541  9541
9543  9543
9545  9545
9546  9546
9548  9548
9550  9550
9551  9551
9553  9553
9555  9555
9556  9556
9558  9558
9560  9560
9562  9562
9564  9564
9566  9566
9567  9567
9568  9568
9569  9569
9570  9570
9571  9571
9573  9573
9575  9575
9577  9577
9579  9579
9580  9580
9581  9581
9582  9582
9584  9584
9586  9586
9587  9587
9589  9589
9591  9591
9593  9593
9595  9595
9597  9597
9599  9599
9601  9601
9603  9603
9605  9605
9606  9606
9608  9608
9610  9610
9611  9611
9612  9612
9613  9613
9614  9614
9616  9616
9618  9618
9620  9620
9622  9622
9624  9624
9626  9626
9629  9629
9631  9631
9632  9632
9633  9633
9635  9635
9636  9636
9638  9638
9640  9640
9641  9641
9642  9642
9644  9644
9646  9646
9649  9649
9650  9650
9652  9652
9653  9653
9654  9654
9656  9656
9658  9658
9660  9660
9661  9661
9663  9663
9664  9664
9666  9666
9668  9668
9670  9670
9672  9672
9673  9673
9674  9674
9676  9676
9677  9677
9679  9679
9681  9681
9683  9683
9685  9685
9687  9687
9688  9688
9690  9690
9692  9692
9694  9694
9696  9696
9698  9698
9699  9699
9701  9701
9702  9702
9703  9703
9705  9705
9707  9707
9708  9708
9710  9710
9712  9712
9714  9714
9716  9716
9718  9718
9720  9720
9722  9722
9724  9724
9726  9726
9728  9728
9730  9730
9732  9732
9733  9733
9734  9734
9736  9736
9738  9738
9740  9740
9742  9742
9744  9744
9746  9746
9747  9747
9749  9749
9750  9750
9752  9752
9754  9754
9756  9756
9757  9757
9759  9759
9761  9761
9762  9762
9764  9764
9765  9765
9768  9768
9769  9769
9771  9771
9772  9772
9773  9773
9775  9775
9776  9776
9777  9777
9778  9778
9780  9780
9782  9782
9783  9783
9788  9788
9790  9790
9792  9792
9794  9794
9796  9796
9798  9798
9800  9800
9802  9802
9804  9804
9806  9806
9807  9807
9808  9808
9810  9810
9812  9812
9814  9814
9816  9816
9818  9818
9820  9820
9822  9822
9824  9824
9829  9829
9831  9831
9833  9833
9835  9835
9836  9836
9849  9849
9851  9851
9852  9852